2.505000e-01 0.000000e+00 0.000000e+00 0.000000e+00 -2.505000e-01 -2.820900e-01 1.355600e-01 -4.179500e-04 2.517600e-03 -3.065000e-01 1.602000e-01 -5.370800e-04 0.000000e+00 0.000000e+00 0.000000e+00 0.000000e+00
0.000000e+00 4.730400e-01 0.000000e+00 0.000000e+00 0.000000e+00 -3.199200e-01 -4.374400e-01 7.877400e-04 0.000000e+00 -3.476000e-01 -5.169600e-01 1.012300e-03 0.000000e+00 0.000000e+00 0.000000e+00 0.000000e+00
0.000000e+00 0.000000e+00 4.442200e-01 0.000000e+00 0.000000e+00 4.994200e-02 -1.537300e-01 -4.443300e-01 0.000000e+00 5.426300e-02 -1.816800e-01 -5.709900e-01 0.000000e+00 0.000000e+00 0.000000e+00 0.000000e+00
0.000000e+00 0.000000e+00 0.000000e+00 4.172100e-01 0.000000e+00 -2.075300e-02 4.726800e-02 -4.739900e-04 0.000000e+00 -2.254900e-02 5.586000e-02 -6.090900e-04 0.000000e+00 0.000000e+00 0.000000e+00 0.000000e+00
0.000000e+00 0.000000e+00 0.000000e+00 0.000000e+00 3.755000e-01 0.000000e+00 0.000000e+00 0.000000e+00 0.000000e+00 0.000000e+00 0.000000e+00 0.000000e+00 -6.941800e-01 -4.261200e-01 2.311600e-01 -1.011000e-01
0.000000e+00 0.000000e+00 0.000000e+00 0.000000e+00 0.000000e+00 7.510000e-01 0.000000e+00 0.000000e+00 0.000000e+00 7.510000e-01 0.000000e+00 0.000000e+00 5.306800e-02 -5.430600e-01 -6.077500e-01 1.789100e-01
0.000000e+00 0.000000e+00 0.000000e+00 0.000000e+00 0.000000e+00 0.000000e+00 7.510000e-01 0.000000e+00 0.000000e+00 0.000000e+00 7.510000e-01 0.000000e+00 -1.382700e-02 8.101300e-02 -3.853400e-01 -7.273300e-01
0.000000e+00 0.000000e+00 0.000000e+00 0.000000e+00 0.000000e+00 0.000000e+00 0.000000e+00 7.510000e-01 0.000000e+00 0.000000e+00 0.000000e+00 7.510000e-01 6.194000e-03 -3.350300e-02 1.034900e-01 -1.770100e-01
0.000000e+00 0.000000e+00 0.000000e+00 0.000000e+00 0.000000e+00 0.000000e+00 0.000000e+00 0.000000e+00 3.792900e-01 0.000000e+00 0.000000e+00 0.000000e+00 0.000000e+00 0.000000e+00 0.000000e+00 0.000000e+00
0.000000e+00 -1.798200e+00 5.522200e-01 -3.279700e-01 0.000000e+00 2.631800e+00 0.000000e+00 0.000000e+00 0.000000e+00 -3.669200e+00 0.000000e+00 0.000000e+00 0.000000e+00 0.000000e+00 0.000000e+00 0.000000e+00
0.000000e+00 -2.564600e+00 -1.773000e+00 7.791200e-01 0.000000e+00 0.000000e+00 5.446200e+00 0.000000e+00 0.000000e+00 0.000000e+00 -7.268200e+00 0.000000e+00 0.000000e+00 0.000000e+00 0.000000e+00 0.000000e+00
0.000000e+00 4.815800e-03 -5.343600e+00 -8.147000e-03 0.000000e+00 0.000000e+00 0.000000e+00 8.012300e+00 0.000000e+00 0.000000e+00 0.000000e+00 -1.116200e+01 0.000000e+00 0.000000e+00 0.000000e+00 0.000000e+00
0.000000e+00 0.000000e+00 0.000000e+00 0.000000e+00 0.000000e+00 1.931800e-01 -1.085400e-01 7.456800e-02 -3.470900e-01 -2.472200e-01 1.224100e-01 -8.077200e-02 -4.517800e-01 0.000000e+00 0.000000e+00 0.000000e+00
0.000000e+00 0.000000e+00 0.000000e+00 0.000000e+00 0.000000e+00 -1.976900e+00 6.358900e-01 -4.033400e-01 -2.130600e-01 2.529900e+00 -7.172000e-01 4.369000e-01 0.000000e+00 -3.350100e+00 0.000000e+00 0.000000e+00
0.000000e+00 0.000000e+00 0.000000e+00 0.000000e+00 0.000000e+00 -2.212400e+00 -3.024600e+00 1.245900e+00 1.155800e-01 2.831300e+00 3.411400e+00 -1.349600e+00 0.000000e+00 0.000000e+00 -6.642800e+00 0.000000e+00
0.000000e+00 0.000000e+00 0.000000e+00 0.000000e+00 0.000000e+00 6.512900e-01 -5.709000e+00 -2.131000e+00 -5.054900e-02 -8.334800e-01 6.439100e+00 2.308300e+00 0.000000e+00 0.000000e+00 0.000000e+00 -9.831700e+00
